   7.9370052598409968        3.9685026299204984     
         100
  0.38245975312873343     
   2.5332123230014809       0.24296712905460077        3.4792550222306544     
   1.2010850943327982        1.4720652988166860        1.9956797301410989     
   4.6890173752893540        6.0826709724919219        7.8467343704485160     
   6.7734772123461628E-002   1.2163534054314105       0.65714935817308062     
   2.2885909825198847       0.55101424377980435       0.95119728762852440     
   2.1421446427813664        3.6554926099595346        1.1458106746862757     
   5.9664704956527803        2.8445867509899818        6.5108028032631315     
  0.35235522681826337       0.27090342114232047        6.3014510173807610     
   1.2550413524456137        2.2402784632806441        2.8219947234916258     
   7.1671300249628098        2.0514602550626799        3.3584994660093863     
   3.1365536507238834        1.2202130561494144       0.84763288942200887     
  0.81529724336986742        4.3290425372162122        7.2061512426504475     
   4.4887767828884888        3.7965359469000854       0.71494819613363614     
   1.7940765525072893        7.6275286787064420       0.64883471468325216     
   2.1233745120917624        1.5364940634762909       0.76772469410175803     
   1.2161155568911426        1.1490561564362534       0.67167795504880012     
   2.5532745042353118       0.88062684114178957        7.8513582095616412     
  0.21979564104758370        7.8238517772180662        2.9484874796421128     
   1.4117406699822048       0.54633519546447307        1.6271427366102473     
   3.4562791902688219        4.0087545462779355        2.0419897839263239     
   3.0849967557953120        1.0314955728794160        2.8391441511941871     
   3.2379976041612348        1.5457385588129149        4.0683595414302847     
   2.5810879768539037        1.9065045386548791        5.0249184782580292     
   3.7081235077297281        2.7765506482015363        2.5058280613380184     
   3.6179100030790110        1.4968713910102576        5.2003667694707856     
   2.8933524771080781       0.84026625901409024        1.8449673698042337     
   2.1150117792914558        1.8254441493730025        7.6749499621145771     
   1.6545347405571860        3.9082405992572777       0.14464415641766276     
  0.42220896484625792        2.2423068572026885        1.4470316683299347     
   2.4637957821819567       0.12279373059245335        4.8475471550604619     
   4.5334842655735139        4.5466900480994825        3.1897236570691176     
   4.2127244271071618        3.3598696892768602        7.2122789852975089     
   4.1863947297376978       0.52336738261935412        5.4095010770423908     
   3.9747092489743481        6.3191035983165946       0.85182378131821901     
   2.9057111706235621        1.6244465575664269        6.0837492558561648     
   1.5215916083512142        2.8231214696055158        1.4926649238685186     
   3.3955525924683676        6.3794906033670253        7.8641320691819399     
   3.4646176611702395        1.8623639904018985        1.7765375186453616     
   4.2699581906368387        2.3032382754036287       0.66430721493767453     
   4.3192926541055092        5.2316929822480782       0.74576586969648773     
   4.1922994305652397        1.6318663665122028        3.2818825219233010     
   5.0566172382869139        5.7687266666214922        3.2874219145524859     
   5.1924117549668214        2.3651210513866596        3.9242066499261270     
   1.3079910678854745        1.7042240752338240        7.0695979927086654     
   1.4866930760484007       0.66817719721765045        7.6694274104771880     
   2.2413784060473492        4.7914828181674043       0.43971263204544087     
   3.1174576418192763        2.2100421725267867       0.49065884200542986     
   2.7107468925209073        2.7493612466010364        5.6667865918025226     
  0.75328130474301991       0.10168988925598393       0.61502216301202928     
   4.2841483513268717       0.59857577593409161        4.3188608861328355     
   3.1264918528190595        2.9535369205082329        7.6790314770527353     
  0.59861402286330512        2.4680397063229731        6.9366021478642859     
   3.6280448130733913        3.0931774138727759        1.3437581716200424     
   1.3131024983752282        7.5119476043050470        4.8169205079732551     
  0.98200359845912921        2.9113134064993966       0.12585707243082170     
   3.6546177730534581        5.1837365359361893        7.6607990213036716     
   3.7128734905682301        2.5151292656926394        6.3321217775525005     
   1.9587166230743460        1.4869741554917513        3.2699174272938145     
   2.2211085294012181       0.98263468068793358        4.1086677194869257     
   3.8568280878382355       0.50895695900260163        1.2902663856719143     
   3.0854833498963083        4.5845975452231755        1.0438641315014872     
   3.2237340278591331        1.8681908182909690        7.2408259596840603     
  0.85309858089957591        7.8051757909014263        7.1727416637310499     
   2.6876007594501858E-002   2.8040381840663628       0.63806835105131599     
   4.2723475423126924       0.86300068878916225        2.3654177505079836     
   3.8276896063226586        1.4339718016741572        6.4534083972129839     
   7.9337979953905027        5.0152389319687316        6.9848596407483283     
   2.4281747125987438        2.5336561304510692        6.9225178098502074     
   3.0214237359839315        6.5523845205481726        2.3494413528758953     
   3.8733853641415124        1.3975598422650624        7.8954972427431267     
   3.6391462867448845        2.5068117272255588        4.4691538187793380     
   1.9288512444470234       0.89129359578212763        5.4616990315932812     
   3.0859511562218871        4.6473758522619715        6.4170981314890412     
  0.50541255398527085        1.0101982003919474        7.7454539298389182     
   1.8194029742170725        2.0821111698648034        6.0706277856207373     
   2.5747365118821217        2.1159005277973377        2.6671957306796990     
   1.3460142920573011        2.1309361933939979       0.53742838473028953     
   3.3445550377539548        3.7159305744524365       0.49033282417454493     
   5.4551634881445219        1.9507753588240369        5.5592137397938766     
   3.2568434142100431        3.5812155097570080        3.0509065779364426     
   3.4554463031668319        4.0630216666175762        7.3683714687719650     
   1.6080200302759278        3.0530946453053001        5.4523162233020708     
   1.3195024659847423       0.53389020739764015        6.5062173583472624     
   4.8309194190937861        1.4065466389913832        5.0314228442617388     
   6.6630191256210143        2.2515565128617308        2.0269883366388601     
   3.0706835539236090       0.70347567082450158        5.6462330750230372     
   3.1025686658807961        5.1994042342987710        2.0450081633619392     
   1.3239246004655709       0.72737171807719070        2.7834873589058922     
   2.0091064290229217        2.8382539964455549       0.10094351858639493     
   2.4861029043090634        3.8504995961902853        7.1674386013785583     
   2.3832769160220808       0.63907777081041794        6.6227012416753697     
   3.6219269972103953       0.21671200097849128        6.9577243575551104E-002
   3.8944489294691333        5.3728866287186383        2.8511637146423312     
   4.2368168729265570        2.9675810386328507        3.6167550200143408     
   3.3032309537340696        3.5905062429572299        6.0771434909443665     
   2.4906738975989264        2.1961927655187301        1.4782791961414128     
   7.4852419707677402        5.1848608570600243        3.2099507680458483     
   1.6506879460841850        3.9355919604780039        6.3514293529308796     
   1.4938458015838838        3.0703244413462021        7.0964259419238465     
   2.7664652186603709        3.0980479102017062        1.9510742594863570     
